# Created by Octave 5.2.0, Sun Oct 04 12:59:13 2020 GMT <unknown@DESKTOP-BKSHLDC>
# name: ans
# type: matrix
# rows: 1
# columns: 2
 3 4


# name: c
# type: matrix
# rows: 4
# columns: 1
 1
 2
 3
 4


# name: m
# type: matrix
# rows: 2
# columns: 2
 1 2
 3 4


# name: r
# type: matrix
# rows: 1
# columns: 4
 1 2 3 4


